letter 1
E_x =

   5.1699e+04


E_z =

   4.6740e+04


E_w =

   4.9586e+03
------------
letter 2
E_x =

   3.0638e+03


E_z =

   2.7473e+03


E_w =

  316.4895
------------
letter 3
E_x =

  172.1807


E_z =

  144.5817


E_w =

   27.5990
------------
letter 3_2
E_x =

  175.4073


E_z =

  143.6846


E_w =

   31.7226